{
    "xintent": 0.7832206187784061,
    "xreact": 0.7457923284819992,
    "oreact": 0.8924872178795089,
    "loss": 0.9764059501421916
}